x       = 0.295487 m
y        = -0.002845 m
z        = -0.431868 m
roll     = -0.002611 rad
pitch   = 0.001573 rad
heading = -1.574797 rad
